[gd_scene format=3 uid="uid://kjxnhwra00jj"]

[ext_resource type="PackedScene" uid="uid://ceywlhbya7b01" path="res://chars/bill.tscn" id="1_ig7tw"]
[ext_resource type="PackedScene" uid="uid://b804xi0831ok1" path="res://debug.tscn" id="3_h2yge"]

[sub_resource type="ProceduralSkyMaterial" id="ProceduralSkyMaterial_ig7tw"]
sky_horizon_color = Color(0.66224277, 0.6717428, 0.6867428, 1)
ground_horizon_color = Color(0.66224277, 0.6717428, 0.6867428, 1)

[sub_resource type="Sky" id="Sky_0xm2m"]
sky_material = SubResource("ProceduralSkyMaterial_ig7tw")

[sub_resource type="Environment" id="Environment_h2yge"]
background_mode = 2
sky = SubResource("Sky_0xm2m")
tonemap_mode = 2

[node name="Node3D" type="Node3D" unique_id=162213161]

[node name="WorldEnvironment" type="WorldEnvironment" parent="." unique_id=2101531417]
environment = SubResource("Environment_h2yge")

[node name="Players" type="Node3D" parent="." unique_id=1276489232]
transform = Transform3D(1, 0, 0, 0, 1, 0, 0, 0, 1, 0, 0, -2)

[node name="Slot0" parent="Players" unique_id=1324661739 instance=ExtResource("1_ig7tw")]

[node name="Marker3D" type="Marker3D" parent="Players/Slot0" unique_id=1665918901]
transform = Transform3D(-0.9997632, 2.4680821e-08, 0.021762462, 0.006971235, 0.9473054, 0.32025608, -0.020615688, 0.32033196, -0.947081, -1.6949843e-07, 4.184538, 0.061163902)

[node name="Slot1" parent="Players" unique_id=823384225 instance=ExtResource("1_ig7tw")]
transform = Transform3D(-4.371139e-08, 0, -1, 0, 1, 0, 1, 0, -4.371139e-08, 2, 0, 2)

[node name="Marker3D" type="Marker3D" parent="Players/Slot1" unique_id=1791732637]
transform = Transform3D(-0.9997632, 2.4680821e-08, 0.021762462, 0.006971235, 0.9473054, 0.32025608, -0.020615688, 0.32033196, -0.947081, -1.6949843e-07, 4.184538, 0.061163902)

[node name="Slot2" parent="Players" unique_id=794632755 instance=ExtResource("1_ig7tw")]
transform = Transform3D(-1, 0, -8.742278e-08, 0, 1, 0, 8.742278e-08, 0, -1, 1.7484555e-07, 0, 4)

[node name="Marker3D" type="Marker3D" parent="Players/Slot2" unique_id=1597953044]
transform = Transform3D(-0.9997632, 2.4680821e-08, 0.021762462, 0.006971235, 0.9473054, 0.32025608, -0.020615688, 0.32033196, -0.947081, -1.6949843e-07, 4.184538, 0.061163902)

[node name="Slot3" parent="Players" unique_id=2083612014 instance=ExtResource("1_ig7tw")]
transform = Transform3D(-4.371139e-08, 0, 1, 0, 1, 0, -1, 0, -4.371139e-08, -2, 0, 2)

[node name="Marker3D" type="Marker3D" parent="Players/Slot3" unique_id=1475954040]
transform = Transform3D(-0.9997632, 2.4680821e-08, 0.021762462, 0.006971235, 0.9473054, 0.32025608, -0.020615688, 0.32033196, -0.947081, -1.6949843e-07, 4.184538, 0.061163902)

[node name="Camera3D" type="Camera3D" parent="." unique_id=1378730159]
transform = Transform3D(-0.020615647, 0.32033193, -0.947081, 0.006971235, 0.9473054, 0.32025605, 0.9997632, -3.865936e-08, -0.021762421, -1.9388361, 4.184538, 1.6682488e-07)

[node name="CSGCylinder3D" type="CSGCylinder3D" parent="." unique_id=618008539]
transform = Transform3D(0.9250705, 0, 0.37979522, 0, 1, 0, -0.37979522, 0, 0.9250705, 0, 2.742799, 0)
use_collision = true
radius = 1.589
height = 0.146

[node name="Node" parent="." unique_id=134761314 instance=ExtResource("3_h2yge")]
