[gd_scene format=3 uid="uid://ceywlhbya7b01"]

[ext_resource type="PackedScene" uid="uid://seb3wnxb6kgw" path="res://chars/Character_29.fbx" id="1_45ekl"]
[ext_resource type="PackedScene" uid="uid://bf6uqcd430jha" path="res://scenes/card.tscn" id="2_ut82k"]

[node name="Character_29" unique_id=1324661739 instance=ExtResource("1_45ekl")]

[node name="Skeleton3D" parent="." index="0" unique_id=288099358]
bones/0/position = Vector3(-3.9499253e-05, 2.4848244, 0.008225709)
bones/0/rotation = Quaternion(0.000115009105, -0.7071103, 0.00011293071, 0.70710325)
bones/1/rotation = Quaternion(-0.00015989372, 1.5990494e-05, 0.0685983, 0.99764436)
bones/7/rotation = Quaternion(0.011517565, -0.6704309, 0.7418764, 0.0030163755)
bones/8/rotation = Quaternion(-0.009133583, 0.9982615, -0.050738513, -0.02856743)
bones/9/rotation = Quaternion(-1.6643705e-07, 0.003885469, 4.359754e-08, 0.99999255)
bones/10/rotation = Quaternion(7.0510353e-10, 0.00029605362, -3.7360724e-07, 1)
bones/11/rotation = Quaternion(4.1384433e-07, 0.00538331, -2.3393659e-07, 0.9999856)
bones/12/rotation = Quaternion(0.09087978, -1.6499135e-07, 0.12864289, 0.98751813)
bones/13/rotation = Quaternion(0.04800078, -0.0032876069, 0.050538816, 0.9975625)
bones/15/rotation = Quaternion(0.7424867, -0.00026929379, 0.005838296, 0.6698353)
bones/16/rotation = Quaternion(-0.05148268, -0.035283163, -0.002703903, 0.9980468)
bones/17/rotation = Quaternion(-2.3224716e-07, -0.0036476608, 2.4233307e-07, 0.9999934)
bones/18/rotation = Quaternion(-8.01099e-08, -3.9288127e-05, 1.9240392e-07, 1)
bones/19/rotation = Quaternion(-4.2953424e-08, -0.0015548755, -2.285997e-07, 0.99999887)
bones/20/rotation = Quaternion(-0.0676641, -2.207585e-08, 0.10288286, 0.9923894)
bones/21/rotation = Quaternion(-0.045581345, 0.0072124647, 0.017229656, 0.998786)
bones/23/rotation = Quaternion(0.0003557003, -0.004726807, 0.9999851, 0.0027399363)
bones/24/rotation = Quaternion(0.009778782, 0.00014730763, -0.024114747, 0.9996614)
bones/25/rotation = Quaternion(0.3389694, -0.6387794, 0.37416208, 0.58057165)
bones/28/rotation = Quaternion(-0.00033469693, 0.0050484063, 0.9999803, 0.003753752)
bones/29/rotation = Quaternion(-0.009779529, -0.00015207872, -0.023723599, 0.9996708)
bones/30/rotation = Quaternion(0.37353474, -0.5806656, 0.33824518, 0.6394447)

[node name="RightArmIK" type="TwoBoneIK3D" parent="Skeleton3D" index="1" unique_id=1678604360]
transform = Transform3D(1, 0, 0, 0, 1, 0, 0, 0, 1, 0, 1.6922805, 0)
setting_count = 1
settings/0/target_node = NodePath("../../RHTarget")
settings/0/pole_node = NodePath("../../RHPole")
settings/0/root_bone_name = "mixamorig_RightArm"
settings/0/root_bone = 16
settings/0/middle_bone_name = "mixamorig_RightForeArm"
settings/0/middle_bone = 17
settings/0/pole_direction = 0
settings/0/end_bone_name = "mixamorig_RightHand"
settings/0/end_bone = 18
settings/0/use_virtual_end = false
settings/0/extend_end_bone = false

[node name="RightHandCopy" type="CopyTransformModifier3D" parent="Skeleton3D" index="2" unique_id=1756120848]
transform = Transform3D(-0.70392805, 0, 0.71027136, 0, 1, 0, -0.71027136, 0, -0.70392805, 0, 0, 0)
setting_count = 1
settings/0/amount = 1.0
settings/0/apply_bone_name = "mixamorig_RightHand"
settings/0/apply_bone = 18
settings/0/reference_type = 1
settings/0/reference_node = NodePath("../../RHRotation")
settings/0/copy = 6
settings/0/axes = 7
settings/0/invert = 0
settings/0/additive = false

[node name="LeftArmIK" type="TwoBoneIK3D" parent="Skeleton3D" index="3" unique_id=1250267737]
transform = Transform3D(1, 0, 0, 0, 1, 0, 0, 0, 1, 0, 1.6922805, 0)
setting_count = 1
settings/0/target_node = NodePath("../../LHTarget")
settings/0/pole_node = NodePath("../../LHpole")
settings/0/root_bone_name = "mixamorig_LeftArm"
settings/0/root_bone = 8
settings/0/middle_bone_name = "mixamorig_LeftForeArm"
settings/0/middle_bone = 9
settings/0/pole_direction = 0
settings/0/end_bone_name = "mixamorig_LeftHand"
settings/0/end_bone = 10
settings/0/use_virtual_end = false
settings/0/extend_end_bone = false

[node name="LeftArmCopy" type="CopyTransformModifier3D" parent="Skeleton3D" index="4" unique_id=1242609119]
transform = Transform3D(-0.70392805, 0, 0.71027136, 0, 1, 0, -0.71027136, 0, -0.70392805, 0, 0, 0)
setting_count = 1
settings/0/amount = 1.0
settings/0/apply_bone_name = "mixamorig_LeftHand"
settings/0/apply_bone = 10
settings/0/reference_type = 1
settings/0/reference_node = NodePath("../../LHRotation")
settings/0/copy = 6
settings/0/axes = 7
settings/0/invert = 0
settings/0/additive = false

[node name="LeftLegIK" type="TwoBoneIK3D" parent="Skeleton3D" index="5" unique_id=300687981]
transform = Transform3D(1, 0, 0, 0, 1, 0, 0, 0, 1, 0, 1.6922805, 0)
setting_count = 1
settings/0/target_node = NodePath("../../LLTarget")
settings/0/pole_node = NodePath("../../LLPole")
settings/0/root_bone_name = "mixamorig_LeftUpLeg"
settings/0/root_bone = 23
settings/0/middle_bone_name = "mixamorig_LeftLeg"
settings/0/middle_bone = 24
settings/0/pole_direction = 0
settings/0/end_bone_name = "mixamorig_LeftFoot"
settings/0/end_bone = 25
settings/0/use_virtual_end = false
settings/0/extend_end_bone = false

[node name="RightLegIK" type="TwoBoneIK3D" parent="Skeleton3D" index="6" unique_id=1143025528]
transform = Transform3D(1, 0, 0, 0, 1, 0, 0, 0, 1, 0, 1.6922805, 0)
setting_count = 1
settings/0/target_node = NodePath("../../RLTarget")
settings/0/pole_node = NodePath("../../RLPole")
settings/0/root_bone_name = "mixamorig_RightUpLeg"
settings/0/root_bone = 28
settings/0/middle_bone_name = "mixamorig_RightLeg"
settings/0/middle_bone = 29
settings/0/pole_direction = 0
settings/0/end_bone_name = "mixamorig_RightFoot"
settings/0/end_bone = 30
settings/0/use_virtual_end = false
settings/0/extend_end_bone = false

[node name="RHTarget" type="Marker3D" parent="." index="2" unique_id=1151350534]
transform = Transform3D(0.937365, 0.34612522, -0.039296534, -0.34550193, 0.9381626, 0.021893824, 0.044444542, -0.006945476, 0.99898773, -0.27238953, 3.304521, 0.6775309)

[node name="RHPole" type="Marker3D" parent="." index="3" unique_id=1587313455]
transform = Transform3D(1, 0, 0, 0, 1, 0, 0, 0, 1, -3.3052893, -5.3408966, 5.3011756)

[node name="RHRotation" type="Marker3D" parent="." index="4" unique_id=1636150641]
transform = Transform3D(-0.7880383, 0.37650883, -0.05349507, 0.34426242, 0.75858164, 0.26769835, 0.16156696, 0.22004597, -0.8313244, 0, 0, 0)

[node name="LHTarget" type="Marker3D" parent="." index="5" unique_id=313389704]
transform = Transform3D(0.937365, 0.34612522, -0.039296534, -0.34550193, 0.9381626, 0.021893824, 0.044444542, -0.006945476, 0.99898773, 0.45582932, 2.8999267, 0.4711156)

[node name="LHpole" type="Marker3D" parent="." index="6" unique_id=1721048151]
transform = Transform3D(1, 0, 0, 0, 1, 0, 0, 0, 1, 3.048327, -5.3408966, -2.4962463)

[node name="LHRotation" type="Marker3D" parent="." index="7" unique_id=727667908]
transform = Transform3D(-0.86084545, -0.15501267, -0.023255944, -0.0333381, 0.05421508, 0.8726818, -0.15316123, 0.8594514, -0.05924405, 0, 0, 0)

[node name="LLTarget" type="Marker3D" parent="." index="8" unique_id=396256178]
transform = Transform3D(0.937365, 0.34612522, -0.039296534, -0.34550193, 0.9381626, 0.021893824, 0.044444542, -0.006945476, 0.99898773, 0.37673223, 1.1466386, 0.8598695)

[node name="LLPole" type="Marker3D" parent="." index="9" unique_id=190974380]
transform = Transform3D(1, 0, 0, 0, 1, 0, 0, 0, 1, 0.7783204, 2.8074474, 2.3736854)

[node name="RLTarget" type="Marker3D" parent="." index="10" unique_id=443410275]
transform = Transform3D(0.937365, 0.34612522, -0.039296534, -0.34550193, 0.9381626, 0.021893824, 0.044444542, -0.006945476, 0.99898773, -0.43261743, 1.1466386, 0.8598695)

[node name="RLPole" type="Marker3D" parent="." index="11" unique_id=1885520472]
transform = Transform3D(1, 0, 0, 0, 1, 0, 0, 0, 1, -0.6866422, 2.8074474, 2.3736854)

[node name="Cards" type="Node3D" parent="." index="12" unique_id=1738586476]
transform = Transform3D(0.5, 0, 0, 0, 0.49359322, -0.07978553, 0, 0.07978553, 0.49359322, -0.106160164, 3.6916451, 0.73444)

[node name="Card" parent="Cards" index="0" unique_id=528731295 instance=ExtResource("2_ut82k")]
